|| Algorithm Settings:
|| Population size: 20
|| Elite ratio: 0,2
|| Crossover rate: 0,85
|| Mutation rate: 0,15

== Generation 1 ==
| 00011000011110100111 |	-4,36	17,58	7,58
| 00001000110110010101 |	-4,40	15,63	5,63
| 00001000110110100111 |	-4,40	15,61	5,61
| 00010000100011101011 |	-3,79	14,09	4,09
| 00010000100101011110 |	-3,79	13,95	3,95
| 00011010100101011110 |	-4,25	12,85	2,85
| 11111000100010011100 |	1,84	11,14	1,14
| 10111010010010101011 |	3,26	10,69	0,69
| 10111010100010011100 |	3,24	10,60	0,60
| 01100000010011111000 |	-2,48	10,60	0,60
| 01100000010011111111 |	-2,48	10,60	0,60
| 11110101001010100000 |	1,49	10,17	0,17
| 00000010101001100101 |	-4,87	9,95	-0,05
| 10000011001010010001 |	4,91	9,71	-0,29
| 10110001000011011111 |	3,67	9,54	-0,46
| 01110110101000100010 |	-1,44	9,53	-0,47
| 01110110101000111111 |	-1,44	9,53	-0,47
| 11100111110010011100 |	2,29	8,95	-1,05
| 11100101100010101011 |	2,23	8,93	-1,07
| 11010101101110111100 |	0,98	8,49	-1,51

| Average fitness in generation: 11,40548632863339
| The best individ: 
| 00011000011110100111 |	-4,36	17,58	7,58

== Generation 2 ==
| 00001000110110100111 |	-4,40	15,61	5,61
| 00010000100011101011 |	-3,79	14,09	4,09
| 00010000100111100111 |	-3,79	14,00	4,00
| 00010000100111011110 |	-3,79	13,97	3,97
| 00011010100101011110 |	-4,25	12,85	2,85
| 11111010010010101011 |	1,74	11,25	1,25
| 11111000100010011100 |	1,84	11,14	1,14
| 10111010010010101011 |	3,26	10,69	0,69
| 01100000010010011100 |	-2,48	10,62	0,62
| 01100000010011111000 |	-2,48	10,60	0,60
| 10111010100011111000 |	3,24	10,60	0,60
| 01100000010011111111 |	-2,48	10,60	0,60
| 11110101001010100000 |	1,49	10,17	0,17
| 11110101000011111111 |	1,49	10,13	0,13
| 10000010101001100101 |	4,87	10,00	-0,00
| 10111000100010011100 |	3,16	9,99	-0,01
| 01110110101000100010 |	-1,44	9,53	-0,47
| 01110110101000111111 |	-1,44	9,53	-0,47
| 10110110101000100010 |	3,56	9,32	-0,68
| 11100101100100111100 |	2,23	8,92	-1,08

| Average fitness in generation: 11,179849080153291
| The best individ: 
| 00011000011110100111 |	-4,36	17,58	7,58

== Generation 3 ==
| 00001000110110100111 |	-4,40	15,61	5,61
| 00001000110110100111 |	-4,40	15,61	5,61
| 00010000100011101011 |	-3,79	14,09	4,09
| 00010000100011101011 |	-3,79	14,09	4,09
| 00010000100111100111 |	-3,79	14,00	4,00
| 00010000100111100111 |	-3,79	14,00	4,00
| 00010000100111011110 |	-3,79	13,97	3,97
| 11111000100010011100 |	1,84	11,14	1,14
| 11111000100010001011 |	1,84	11,14	1,14
| 10111010010010101011 |	3,26	10,69	0,69
| 01100000010010011100 |	-2,48	10,62	0,62
| 01100000010011111000 |	-2,48	10,60	0,60
| 10100101100100111100 |	2,77	10,53	0,53
| 01100000110011111000 |	-2,48	10,48	0,48
| 11110101001010100000 |	1,49	10,17	0,17
| 11110101000011111111 |	1,49	10,13	0,13
| 11110110101000100010 |	1,44	9,80	-0,20
| 10110010100011111111 |	3,63	9,33	-0,67
| 10110110101000100010 |	3,56	9,32	-0,68
| 11100101100100111100 |	2,23	8,92	-1,08

| Average fitness in generation: 11,711495520167183
| The best individ: 
| 00001000110110100111 |	-4,40	15,61	5,61

== Generation 4 ==
| 00001000110110100111 |	-4,40	15,61	5,61
| 00001000110110100111 |	-4,40	15,61	5,61
| 00001000110110100111 |	-4,40	15,61	5,61
| 00010000100011101011 |	-3,79	14,09	4,09
| 00010000100010011100 |	-3,79	14,06	4,06
| 00010000100111100111 |	-3,79	14,00	4,00
| 00010000100111100111 |	-3,79	14,00	4,00
| 00010000100111100111 |	-3,79	14,00	4,00
| 11111000100010001011 |	1,84	11,14	1,14
| 01100000010011111000 |	-2,48	10,60	0,60
| 10100101100100111100 |	2,77	10,53	0,53
| 10100101100111111000 |	2,77	10,52	0,52
| 01100000110011111000 |	-2,48	10,48	0,48
| 11110101001010100000 |	1,49	10,17	0,17
| 11110101001010100000 |	1,49	10,17	0,17
| 11110101000011111111 |	1,49	10,13	0,13
| 11110110101000100010 |	1,44	9,80	-0,20
| 10110010100000100010 |	3,63	9,33	-0,67
| 10110110101000100010 |	3,56	9,32	-0,68
| 11100101100000100010 |	2,23	8,93	-1,07

| Average fitness in generation: 11,90354259879668
| The best individ: 
| 00001000110110100111 |	-4,40	15,61	5,61

== Generation 5 ==
| 00001000110110100111 |	-4,40	15,61	5,61
| 00001000110110100111 |	-4,40	15,61	5,61
| 00001000110110100111 |	-4,40	15,61	5,61
| 00010000100011101011 |	-3,79	14,09	4,09
| 00010000100011100111 |	-3,79	14,09	4,09
| 00010000100110011100 |	-3,79	14,03	4,03
| 01100000000010001011 |	-2,50	11,15	1,15
| 11111000100010001011 |	1,84	11,14	1,14
| 11111000110011111000 |	1,85	11,09	1,09
| 10100101100100111100 |	2,77	10,53	0,53
| 10100101100111111000 |	2,77	10,52	0,52
| 01100000110011111000 |	-2,48	10,48	0,48
| 01100000110010100000 |	-2,48	10,47	0,47
| 10010000100111100111 |	3,79	10,41	0,41
| 11110101001011111000 |	1,49	10,17	0,17
| 11110101001010101111 |	1,49	10,17	0,17
| 11110110101000100010 |	1,44	9,80	-0,20
| 10110010100000100010 |	3,63	9,33	-0,67
| 10110010100000100010 |	3,63	9,33	-0,67
| 11100101100000100010 |	2,23	8,93	-1,07

| Average fitness in generation: 11,627160810461724
| The best individ: 
| 00001000110110100111 |	-4,40	15,61	5,61

== Generation 6 ==
| 00001000110110100111 |	-4,40	15,61	5,61
| 00001000110110100111 |	-4,40	15,61	5,61
| 00001000110110100111 |	-4,40	15,61	5,61
| 00001000110110100111 |	-4,40	15,61	5,61
| 00010000100011101011 |	-3,79	14,09	4,09
| 00010000100011100111 |	-3,79	14,09	4,09
| 11111000100010001011 |	1,84	11,14	1,14
| 11111000000010001011 |	1,87	11,01	1,01
| 10100101110011111000 |	2,76	10,62	0,62
| 01100000110011100111 |	-2,48	10,47	0,47
| 01100000110010100000 |	-2,48	10,47	0,47
| 10010000100110100000 |	3,79	10,41	0,41
| 11110101001011111000 |	1,49	10,17	0,17
| 11110101001011111000 |	1,49	10,17	0,17
| 01100000100010001011 |	-2,46	9,93	-0,07
| 10111000110011111000 |	3,15	9,86	-0,14
| 10110010100000100010 |	3,63	9,33	-0,67
| 10110010100000100010 |	3,63	9,33	-0,67
| 10110010100000100010 |	3,63	9,33	-0,67
| 00001010100011101011 |	-4,49	5,37	-4,63

| Average fitness in generation: 11,410935651886376
| The best individ: 
| 00001000110110100111 |	-4,40	15,61	5,61

== Generation 7 ==
| 00001000110110110111 |	-4,40	15,62	5,62
| 00001000110110100111 |	-4,40	15,61	5,61
| 00001000110110100111 |	-4,40	15,61	5,61
| 00001000110110100111 |	-4,40	15,61	5,61
| 00010000100001100111 |	-3,79	14,16	4,16
| 00010000100011101011 |	-3,79	14,09	4,09
| 00010000100011100111 |	-3,79	14,09	4,09
| 11111000100010001011 |	1,84	11,14	1,14
| 11111000100010001011 |	1,84	11,14	1,14
| 11111000000010001011 |	1,87	11,01	1,01
| 10100101110011111000 |	2,76	10,62	0,62
| 10100101110011100111 |	2,76	10,62	0,62
| 01100000110011111000 |	-2,48	10,48	0,48
| 01100000110010100000 |	-2,48	10,47	0,47
| 10010000100110100000 |	3,79	10,41	0,41
| 11110101001011111000 |	1,49	10,17	0,17
| 00001100110110100111 |	-4,66	9,67	-0,33
| 10110010100000100010 |	3,63	9,33	-0,67
| 10110010100011101011 |	3,63	9,33	-0,67
| 00001010100000100010 |	-4,49	5,48	-4,52

| Average fitness in generation: 11,732114193575956
| The best individ: 
| 00001000110110100111 |	-4,40	15,61	5,61

== Generation 8 ==
| 00010010100011101011 |	-3,87	16,82	6,82
| 00001000110110100111 |	-4,40	15,61	5,61
| 00001000110110100111 |	-4,40	15,61	5,61
| 00010000100001100111 |	-3,79	14,16	4,16
| 00010000100001100111 |	-3,79	14,16	4,16
| 00010000100011101011 |	-3,79	14,09	4,09
| 11111000100010001011 |	1,84	11,14	1,14
| 11111000100010001011 |	1,84	11,14	1,14
| 11111000100010001111 |	1,84	11,14	1,14
| 11111000000010001011 |	1,87	11,01	1,01
| 10100101110011111000 |	2,76	10,62	0,62
| 10111010100000100010 |	3,24	10,59	0,59
| 01100000110011111000 |	-2,48	10,48	0,48
| 01100000110011111000 |	-2,48	10,48	0,48
| 01100000110010100000 |	-2,48	10,47	0,47
| 11110101001011100000 |	1,49	10,17	0,17
| 00001100110000100010 |	-4,67	9,98	-0,02
| 10110010100000100010 |	3,63	9,33	-0,67
| 10110010100110000111 |	3,63	9,33	-0,67
| 00001010100000100010 |	-4,49	5,48	-4,52

| Average fitness in generation: 11,589501757936954
| The best individ: 
| 00001000110110110111 |	-4,40	15,62	5,62

== Generation 9 ==
| 00010010100011101011 |	-3,87	16,82	6,82
| 00001000110110100111 |	-4,40	15,61	5,61
| 00001000110110100111 |	-4,40	15,61	5,61
| 00001000100011101011 |	-4,41	14,32	4,32
| 00001000100001100111 |	-4,41	14,22	4,22
| 00010000100001100111 |	-3,79	14,16	4,16
| 00010000100001100111 |	-3,79	14,16	4,16
| 00010000100011101011 |	-3,79	14,09	4,09
| 00010000100011101011 |	-3,79	14,09	4,09
| 11111000100010001011 |	1,84	11,14	1,14
| 11111000100010001011 |	1,84	11,14	1,14
| 11111000100010001011 |	1,84	11,14	1,14
| 10100101110000100010 |	2,75	10,62	0,62
| 10111010100000100010 |	3,24	10,59	0,59
| 01100000110011111000 |	-2,48	10,48	0,48
| 01100000110011111000 |	-2,48	10,48	0,48
| 01100000110010100000 |	-2,48	10,47	0,47
| 01110101001011100000 |	-1,49	10,41	0,41
| 11110101001011100000 |	1,49	10,17	0,17
| 11100000110010100001 |	2,48	10,11	0,11

| Average fitness in generation: 12,490273646179485
| The best individ: 
| 00010010100011101011 |	-3,87	16,82	6,82

== Generation 10 ==
| 00010010100011101011 |	-3,87	16,82	6,82
| 00010010100110100111 |	-3,87	16,81	6,81
| 00001000110110100111 |	-4,40	15,61	5,61
| 00001000110111101011 |	-4,40	15,59	5,59
| 00001000100011101011 |	-4,41	14,32	4,32
| 00001000100001100111 |	-4,41	14,22	4,22
| 00010000100001100111 |	-3,79	14,16	4,16
| 00010000100001100111 |	-3,79	14,16	4,16
| 11111000100010001011 |	1,84	11,14	1,14
| 10100101110000100010 |	2,75	10,62	0,62
| 10100101110000100010 |	2,75	10,62	0,62
| 01100000110011111000 |	-2,48	10,48	0,48
| 01100000110011111000 |	-2,48	10,48	0,48
| 01100000110011111000 |	-2,48	10,48	0,48
| 01100000110010100000 |	-2,48	10,47	0,47
| 01110101001011100000 |	-1,49	10,41	0,41
| 01110101001011100000 |	-1,49	10,41	0,41
| 11100000110011100000 |	2,48	10,11	0,11
| 11100000110010100001 |	2,48	10,11	0,11
| 11110010100011101011 |	1,37	9,39	-0,61

| Average fitness in generation: 12,319327650731209
| The best individ: 
| 00010010100011101011 |	-3,87	16,82	6,82

== Generation 11 ==
| 00010010100011101011 |	-3,87	16,82	6,82
| 00010010100011101111 |	-3,87	16,82	6,82
| 00010010100110100111 |	-3,87	16,81	6,81
| 00001000110111101011 |	-4,40	15,59	5,59
| 00001000100101100111 |	-4,41	14,55	4,55
| 00001000100011101011 |	-4,41	14,32	4,32
| 00001000100011101011 |	-4,41	14,32	4,32
| 00010000100001100111 |	-3,79	14,16	4,16
| 00010000100101100111 |	-3,78	13,92	3,92
| 10100101110011111000 |	2,76	10,62	0,62
| 01110101010111100000 |	-1,50	10,54	0,54
| 01100000110011111000 |	-2,48	10,48	0,48
| 01100000110011111000 |	-2,48	10,48	0,48
| 01100000110010100000 |	-2,48	10,47	0,47
| 01110101001011100000 |	-1,49	10,41	0,41
| 01110101001011100000 |	-1,49	10,41	0,41
| 01110101001011100000 |	-1,49	10,41	0,41
| 11100000110010100001 |	2,48	10,11	0,11
| 11100000101011100000 |	2,47	10,03	0,03
| 11100010100010100001 |	2,38	9,36	-0,64

| Average fitness in generation: 12,530286063951143
| The best individ: 
| 00010010100011101011 |	-3,87	16,82	6,82

== Generation 12 ==
| 00010010100011101011 |	-3,87	16,82	6,82
| 00010010100011101111 |	-3,87	16,82	6,82
| 00001000110111101111 |	-4,40	15,60	5,60
| 00001000100101100111 |	-4,41	14,55	4,55
| 00001000100101100111 |	-4,41	14,55	4,55
| 00001000100011101011 |	-4,41	14,32	4,32
| 00001000100011101011 |	-4,41	14,32	4,32
| 00001000100011101011 |	-4,41	14,32	4,32
| 00010000100001100111 |	-3,79	14,16	4,16
| 00010000100101111000 |	-3,78	13,93	3,93
| 10100101110011111000 |	2,76	10,62	0,62
| 10100101110011100111 |	2,76	10,62	0,62
| 01110101010011111000 |	-1,50	10,57	0,57
| 01100000110010100000 |	-2,48	10,47	0,47
| 01100000110111100000 |	-2,48	10,43	0,43
| 01110101001011100001 |	-1,49	10,41	0,41
| 01110101001011100000 |	-1,49	10,41	0,41
| 01110101001011100000 |	-1,49	10,41	0,41
| 11100000101011100000 |	2,47	10,03	0,03
| 11100010100010100001 |	2,38	9,36	-0,64

| Average fitness in generation: 12,633864392478205
| The best individ: 
| 00010010100011101011 |	-3,87	16,82	6,82

== Generation 13 ==
| 00010011100011101111 |	-3,87	16,83	6,83
| 00010010100011101011 |	-3,87	16,82	6,82
| 00001000100101100111 |	-4,41	14,55	4,55
| 00001000100101100111 |	-4,41	14,55	4,55
| 00001000100101100111 |	-4,41	14,55	4,55
| 00001000100011101011 |	-4,41	14,32	4,32
| 00001000100011101011 |	-4,41	14,32	4,32
| 00010000100001100000 |	-3,79	14,16	4,16
| 00010000100001100111 |	-3,79	14,16	4,16
| 00010000100101111111 |	-3,79	13,93	3,93
| 00010000100101111000 |	-3,78	13,93	3,93
| 10100101110011100111 |	2,76	10,62	0,62
| 01110101010011111000 |	-1,50	10,57	0,57
| 01100000110010100000 |	-2,48	10,47	0,47
| 01100000110111100000 |	-2,48	10,43	0,43
| 01110101001011100001 |	-1,49	10,41	0,41
| 01110101001011100000 |	-1,49	10,41	0,41
| 01110101001011100000 |	-1,49	10,41	0,41
| 11100000101011100001 |	2,47	10,03	0,03
| 11100010100010100001 |	2,38	9,36	-0,64

| Average fitness in generation: 12,740418438839885
| The best individ: 
| 00010010100011101011 |	-3,87	16,82	6,82

== Generation 14 ==
| 00010011100011101111 |	-3,87	16,83	6,83
| 00010011100011101011 |	-3,87	16,83	6,83
| 00010010100011101011 |	-3,87	16,82	6,82
| 00010010100011101111 |	-3,87	16,82	6,82
| 00001000100101100111 |	-4,41	14,55	4,55
| 00001000100101100111 |	-4,41	14,55	4,55
| 00001000100011101011 |	-4,41	14,32	4,32
| 00001000100011101011 |	-4,41	14,32	4,32
| 00001000100001100000 |	-4,41	14,21	4,21
| 00010000100001100000 |	-3,79	14,16	4,16
| 00010000100001100111 |	-3,79	14,16	4,16
| 00010000100011111011 |	-3,79	14,09	4,09
| 00010000100101111111 |	-3,79	13,93	3,93
| 10100000100101111000 |	2,53	10,53	0,53
| 01100000110111100000 |	-2,48	10,43	0,43
| 01110101001011100000 |	-1,49	10,41	0,41
| 01110101001011100000 |	-1,49	10,41	0,41
| 11100000101011100001 |	2,47	10,03	0,03
| 11100000101011100001 |	2,47	10,03	0,03
| 11100010100010100001 |	2,38	9,36	-0,64

| Average fitness in generation: 13,3385556610797
| The best individ: 
| 00010011100011101111 |	-3,87	16,83	6,83

== Generation 15 ==
| 00010011100011100111 |	-3,87	16,83	6,83
| 00010011100011101111 |	-3,87	16,83	6,83
| 00010011100011101011 |	-3,87	16,83	6,83
| 00010011100011101011 |	-3,87	16,83	6,83
| 00010010100011101011 |	-3,87	16,82	6,82
| 00010010100011101011 |	-3,87	16,82	6,82
| 00010010100011101111 |	-3,87	16,82	6,82
| 00001000100101100111 |	-4,41	14,55	4,55
| 00001000100011101011 |	-4,41	14,32	4,32
| 00001000100011101011 |	-4,41	14,32	4,32
| 00001000100001100000 |	-4,41	14,21	4,21
| 00001000100001100000 |	-4,41	14,21	4,21
| 00010000100001100111 |	-3,79	14,16	4,16
| 00010000100011111011 |	-3,79	14,09	4,09
| 00010000100101111111 |	-3,79	13,93	3,93
| 00010000100101111000 |	-3,78	13,93	3,93
| 10100000100101111000 |	2,53	10,53	0,53
| 11110101001011100000 |	1,49	10,17	0,17
| 11100000101011100001 |	2,47	10,03	0,03
| 11100010100010100001 |	2,38	9,36	-0,64

| Average fitness in generation: 14,27846477966899
| The best individ: 
| 00010011100011101111 |	-3,87	16,83	6,83

== Generation 16 ==
| 00010011100011100111 |	-3,87	16,83	6,83
| 00010011100011101111 |	-3,87	16,83	6,83
| 00010011100011101011 |	-3,87	16,83	6,83
| 00010010100011101011 |	-3,87	16,82	6,82
| 00010010100011101011 |	-3,87	16,82	6,82
| 00010010100011101111 |	-3,87	16,82	6,82
| 00010010100101100111 |	-3,87	16,80	6,80
| 00001000100101100111 |	-4,41	14,55	4,55
| 00001000100011101111 |	-4,41	14,32	4,32
| 00001000100011101011 |	-4,41	14,32	4,32
| 00001000100011101011 |	-4,41	14,32	4,32
| 00001000100001100000 |	-4,41	14,21	4,21
| 00001000100001100000 |	-4,41	14,21	4,21
| 00010000100001100111 |	-3,79	14,16	4,16
| 00010000100011111111 |	-3,79	14,10	4,10
| 00010000100101111111 |	-3,79	13,93	3,93
| 00010000100101111000 |	-3,78	13,93	3,93
| 00010000100101111000 |	-3,78	13,93	3,93
| 11110101001011111000 |	1,49	10,17	0,17
| 11110101001011100000 |	1,49	10,17	0,17

| Average fitness in generation: 14,701997588923726
| The best individ: 
| 00010011100011100111 |	-3,87	16,83	6,83

== Generation 17 ==
| 00010011100011100111 |	-3,87	16,83	6,83
| 00010011100011101111 |	-3,87	16,83	6,83
| 00010011100011101011 |	-3,87	16,83	6,83
| 00010010100011101111 |	-3,87	16,82	6,82
| 00010010100011101111 |	-3,87	16,82	6,82
| 00010010100011100011 |	-3,87	16,81	6,81
| 00010010100101100111 |	-3,87	16,80	6,80
| 00001000100101100111 |	-4,41	14,55	4,55
| 00001000100011101111 |	-4,41	14,32	4,32
| 00001000100011101011 |	-4,41	14,32	4,32
| 00001000100011101011 |	-4,41	14,32	4,32
| 00001000100001100000 |	-4,41	14,21	4,21
| 00010000100011111111 |	-3,79	14,10	4,10
| 00010000100101111111 |	-3,79	13,93	3,93
| 00010000100101111111 |	-3,79	13,93	3,93
| 00010000100101111000 |	-3,78	13,93	3,93
| 00010000100101111000 |	-3,78	13,93	3,93
| 11110101001011111000 |	1,49	10,17	0,17
| 11110101001011100000 |	1,49	10,17	0,17
| 11110101001011100000 |	1,49	10,17	0,17

| Average fitness in generation: 14,488505749928077
| The best individ: 
| 00010011100011100111 |	-3,87	16,83	6,83

== Generation 18 ==
| 00011000100101100111 |	-4,34	17,88	7,88
| 00010011100011100111 |	-3,87	16,83	6,83
| 00010011100011101111 |	-3,87	16,83	6,83
| 00010011100011101011 |	-3,87	16,83	6,83
| 00010011100011101011 |	-3,87	16,83	6,83
| 00010010100011101111 |	-3,87	16,82	6,82
| 00010010100011101111 |	-3,87	16,82	6,82
| 00010010100101100111 |	-3,87	16,80	6,80
| 00010010100101100111 |	-3,87	16,80	6,80
| 00001000100011101111 |	-4,41	14,32	4,32
| 00001000100011101011 |	-4,41	14,32	4,32
| 00001000100011101011 |	-4,41	14,32	4,32
| 00001000100001100000 |	-4,41	14,21	4,21
| 00010000100011111111 |	-3,79	14,10	4,10
| 00010000100011101111 |	-3,79	14,09	4,09
| 00010000100101111111 |	-3,79	13,93	3,93
| 00010000100101111111 |	-3,79	13,93	3,93
| 00010000100101111000 |	-3,78	13,93	3,93
| 00010000100101111000 |	-3,78	13,93	3,93
| 11110101001011100000 |	1,49	10,17	0,17

| Average fitness in generation: 15,183335605465865
| The best individ: 
| 00010011100011100111 |	-3,87	16,83	6,83

== Generation 19 ==
| 00011000100001100000 |	-4,34	17,86	7,86
| 00010011100101100111 |	-3,86	16,83	6,83
| 00010011100011100111 |	-3,87	16,83	6,83
| 00010011100011101111 |	-3,87	16,83	6,83
| 00010011100011101011 |	-3,87	16,83	6,83
| 00010010100011101011 |	-3,87	16,82	6,82
| 00010010100011101111 |	-3,87	16,82	6,82
| 00010010100011101111 |	-3,87	16,82	6,82
| 00010010100101100111 |	-3,87	16,80	6,80
| 00010010100101100111 |	-3,87	16,80	6,80
| 00010010101011101111 |	-3,88	16,76	6,76
| 00010011000011101011 |	-3,83	16,24	6,24
| 00001000100011101011 |	-4,41	14,32	4,32
| 00001000100011101011 |	-4,41	14,32	4,32
| 00001000100011101011 |	-4,41	14,32	4,32
| 00010000100011101111 |	-3,79	14,09	4,09
| 00010000100011100111 |	-3,79	14,09	4,09
| 00010000100101111111 |	-3,79	13,93	3,93
| 00010000100101111000 |	-3,78	13,93	3,93
| 11110101001011100000 |	1,49	10,17	0,17

| Average fitness in generation: 15,568853556270184
| The best individ: 
| 00011000100101100111 |	-4,34	17,88	7,88

== Generation 20 ==
| 00011000100101100111 |	-4,34	17,88	7,88
| 00011000100001100000 |	-4,34	17,86	7,86
| 00010011100011101111 |	-3,87	16,83	6,83
| 00010011100011101111 |	-3,87	16,83	6,83
| 00010011100011101011 |	-3,87	16,83	6,83
| 00010011100011101011 |	-3,87	16,83	6,83
| 00010011100001100000 |	-3,87	16,83	6,83
| 00010010100011101011 |	-3,87	16,82	6,82
| 00010010100011101111 |	-3,87	16,82	6,82
| 00010010100011101111 |	-3,87	16,82	6,82
| 00010010100101100111 |	-3,87	16,80	6,80
| 00010010100101100111 |	-3,87	16,80	6,80
| 00010010101011101011 |	-3,88	16,76	6,76
| 00010011000011101011 |	-3,83	16,24	6,24
| 00001000100011101011 |	-4,41	14,32	4,32
| 00001000100011101011 |	-4,41	14,32	4,32
| 00001000100011101011 |	-4,41	14,32	4,32
| 00010000100001111111 |	-3,79	14,15	4,15
| 00010000100101000000 |	-3,79	13,96	3,96
| 11110101001011100000 |	1,49	10,17	0,17

| Average fitness in generation: 15,907478882431485
| The best individ: 
| 00011000100001100000 |	-4,34	17,86	7,86

== Generation 21 ==
| 00011000100101100111 |	-4,34	17,88	7,88
| 00011000100001100000 |	-4,34	17,86	7,86
| 00010011100011101111 |	-3,87	16,83	6,83
| 00010011100011101111 |	-3,87	16,83	6,83
| 00010011100011101010 |	-3,87	16,83	6,83
| 00010011100001100000 |	-3,87	16,83	6,83
| 00010010100011101111 |	-3,87	16,82	6,82
| 00010010100011101111 |	-3,87	16,82	6,82
| 00010010100011101111 |	-3,87	16,82	6,82
| 00010010100011100000 |	-3,87	16,81	6,81
| 00010010100101100111 |	-3,87	16,80	6,80
| 00010010100101100111 |	-3,87	16,80	6,80
| 00010010101011101011 |	-3,88	16,76	6,76
| 00010010101011101011 |	-3,88	16,76	6,76
| 00010011000011101011 |	-3,83	16,24	6,24
| 00001000100011101011 |	-4,41	14,32	4,32
| 00001000100011101011 |	-4,41	14,32	4,32
| 00010000100001111111 |	-3,79	14,15	4,15
| 00010000100101000000 |	-3,79	13,96	3,96
| 11110101001011100000 |	1,49	10,17	0,17

| Average fitness in generation: 16,02903442159898
| The best individ: 
| 00011000100101100111 |	-4,34	17,88	7,88

== Generation 22 ==
| 00011000100101100111 |	-4,34	17,88	7,88
| 00011000100001100000 |	-4,34	17,86	7,86
| 00010011100011101111 |	-3,87	16,83	6,83
| 00010011100011101111 |	-3,87	16,83	6,83
| 00010011100011101111 |	-3,87	16,83	6,83
| 00010011100011101010 |	-3,87	16,83	6,83
| 00010011100011101010 |	-3,87	16,83	6,83
| 00010010100011101111 |	-3,87	16,82	6,82
| 00010010100011101111 |	-3,87	16,82	6,82
| 00010010100011101111 |	-3,87	16,82	6,82
| 00010010100011101111 |	-3,87	16,82	6,82
| 00010010100101100111 |	-3,87	16,80	6,80
| 00010010100101100111 |	-3,87	16,80	6,80
| 00010010101011101011 |	-3,88	16,76	6,76
| 00010010101011101011 |	-3,88	16,76	6,76
| 00001000100001011111 |	-4,41	14,25	4,25
| 00010000100001111111 |	-3,79	14,15	4,15
| 00010000100011101011 |	-3,79	14,09	4,09
| 00010000100101000000 |	-3,79	13,96	3,96
| 11110101001011100000 |	1,49	10,17	0,17

| Average fitness in generation: 16,043777298592165
| The best individ: 
| 00011000100101100111 |	-4,34	17,88	7,88

== Generation 23 ==
| 00011000100001100000 |	-4,34	17,86	7,86
| 00010011100011101111 |	-3,87	16,83	6,83
| 00010011100011101111 |	-3,87	16,83	6,83
| 00010011100011101111 |	-3,87	16,83	6,83
| 00010011100011101111 |	-3,87	16,83	6,83
| 00010011100011101111 |	-3,87	16,83	6,83
| 00010011100011101010 |	-3,87	16,83	6,83
| 00010011100011101010 |	-3,87	16,83	6,83
| 00010010100011101111 |	-3,87	16,82	6,82
| 00010010100011101111 |	-3,87	16,82	6,82
| 00010010100011101111 |	-3,87	16,82	6,82
| 00010010100101100111 |	-3,87	16,80	6,80
| 00010010100101100111 |	-3,87	16,80	6,80
| 00010010101011101011 |	-3,88	16,76	6,76
| 00010010101011101011 |	-3,88	16,76	6,76
| 00010010101011111111 |	-3,88	16,76	6,76
| 00010000100001111111 |	-3,79	14,15	4,15
| 00010000100011101011 |	-3,79	14,09	4,09
| 11110101001011100000 |	1,49	10,17	0,17
| 00110101001011100000 |	-3,51	6,86	-3,14

| Average fitness in generation: 15,762177079891439
| The best individ: 
| 00011000100101100111 |	-4,34	17,88	7,88

== Generation 24 ==
| 00010011100011101111 |	-3,87	16,83	6,83
| 00010011100011101111 |	-3,87	16,83	6,83
| 00010011100011101111 |	-3,87	16,83	6,83
| 00010011100011101111 |	-3,87	16,83	6,83
| 00010011100011101111 |	-3,87	16,83	6,83
| 00010011100011101111 |	-3,87	16,83	6,83
| 00010011100011101111 |	-3,87	16,83	6,83
| 00010011100011101111 |	-3,87	16,83	6,83
| 00010011100011101010 |	-3,87	16,83	6,83
| 00010010100011101111 |	-3,87	16,82	6,82
| 00010010100011101111 |	-3,87	16,82	6,82
| 00010010100011101111 |	-3,87	16,82	6,82
| 00010010100101101011 |	-3,87	16,80	6,80
| 00010010100101100111 |	-3,87	16,80	6,80
| 00010010100101100111 |	-3,87	16,80	6,80
| 00010010101011101011 |	-3,88	16,76	6,76
| 00010010101011111111 |	-3,88	16,76	6,76
| 00010000100011101011 |	-3,79	14,09	4,09
| 11110101001011100000 |	1,49	10,17	0,17
| 00110101001011100000 |	-3,51	6,86	-3,14

| Average fitness in generation: 15,846512600930419
| The best individ: 
| 00011000100001100000 |	-4,34	17,86	7,86

== Generation 25 ==
| 00010011100011101111 |	-3,87	16,83	6,83
| 00010011100011101111 |	-3,87	16,83	6,83
| 00010011100011101111 |	-3,87	16,83	6,83
| 00010011100011101111 |	-3,87	16,83	6,83
| 00010011100011101111 |	-3,87	16,83	6,83
| 00010011100011101111 |	-3,87	16,83	6,83
| 00010011100011101111 |	-3,87	16,83	6,83
| 00010011100011101111 |	-3,87	16,83	6,83
| 00010011100011101111 |	-3,87	16,83	6,83
| 00010011100011101111 |	-3,87	16,83	6,83
| 00010011100011101111 |	-3,87	16,83	6,83
| 00010011100011101010 |	-3,87	16,83	6,83
| 00010010100011101111 |	-3,87	16,82	6,82
| 00010010100011101111 |	-3,87	16,82	6,82
| 00010010100011101111 |	-3,87	16,82	6,82
| 00010010100101101011 |	-3,87	16,80	6,80
| 00010010100101100111 |	-3,87	16,80	6,80
| 00010010100101100111 |	-3,87	16,80	6,80
| 00010010101011111111 |	-3,88	16,76	6,76
| 00010000100011101111 |	-3,79	14,09	4,09

| Average fitness in generation: 16,68121857191141
| The best individ: 
| 00010011100011101111 |	-3,87	16,83	6,83

== Generation 26 ==
| 00010011100011101111 |	-3,87	16,83	6,83
| 00010011100011101111 |	-3,87	16,83	6,83
| 00010011100011101111 |	-3,87	16,83	6,83
| 00010011100011101111 |	-3,87	16,83	6,83
| 00010011100011101111 |	-3,87	16,83	6,83
| 00010011100011101111 |	-3,87	16,83	6,83
| 00010011100011101111 |	-3,87	16,83	6,83
| 00010011100011101111 |	-3,87	16,83	6,83
| 00010011100011101111 |	-3,87	16,83	6,83
| 00010011100011101111 |	-3,87	16,83	6,83
| 00010011100011101111 |	-3,87	16,83	6,83
| 00010011100011101111 |	-3,87	16,83	6,83
| 00010011100011101111 |	-3,87	16,83	6,83
| 00010011100011101111 |	-3,87	16,83	6,83
| 00010011100011101010 |	-3,87	16,83	6,83
| 00010010100011101111 |	-3,87	16,82	6,82
| 00010010100101101011 |	-3,87	16,80	6,80
| 00010010100101101111 |	-3,87	16,80	6,80
| 00010010100101100111 |	-3,87	16,80	6,80
| 00010010100101100011 |	-3,87	16,80	6,80

| Average fitness in generation: 16,82136899072888
| The best individ: 
| 00010011100011101111 |	-3,87	16,83	6,83

== Generation 27 ==
| 00010011100011101111 |	-3,87	16,83	6,83
| 00010011100011101111 |	-3,87	16,83	6,83
| 00010011100011101111 |	-3,87	16,83	6,83
| 00010011100011101111 |	-3,87	16,83	6,83
| 00010011100011101111 |	-3,87	16,83	6,83
| 00010011100011101111 |	-3,87	16,83	6,83
| 00010011100011101111 |	-3,87	16,83	6,83
| 00010011100011101111 |	-3,87	16,83	6,83
| 00010011100011101111 |	-3,87	16,83	6,83
| 00010011100011101111 |	-3,87	16,83	6,83
| 00010011100011101111 |	-3,87	16,83	6,83
| 00010011100011101111 |	-3,87	16,83	6,83
| 00010011100011101111 |	-3,87	16,83	6,83
| 00010011100011101111 |	-3,87	16,83	6,83
| 00010011100011101111 |	-3,87	16,83	6,83
| 00010011100011101010 |	-3,87	16,83	6,83
| 00010010100101101111 |	-3,87	16,80	6,80
| 00010010100101100111 |	-3,87	16,80	6,80
| 00010010100101100111 |	-3,87	16,80	6,80
| 00010010100101100011 |	-3,87	16,80	6,80

| Average fitness in generation: 16,821953169119016
| The best individ: 
| 00010011100011101111 |	-3,87	16,83	6,83

== Generation 28 ==
| 00010011100011101111 |	-3,87	16,83	6,83
| 00010011100011101111 |	-3,87	16,83	6,83
| 00010011100011101111 |	-3,87	16,83	6,83
| 00010011100011101111 |	-3,87	16,83	6,83
| 00010011100011101111 |	-3,87	16,83	6,83
| 00010011100011101111 |	-3,87	16,83	6,83
| 00010011100011101111 |	-3,87	16,83	6,83
| 00010011100011101111 |	-3,87	16,83	6,83
| 00010011100011101111 |	-3,87	16,83	6,83
| 00010011100011101111 |	-3,87	16,83	6,83
| 00010011100011101111 |	-3,87	16,83	6,83
| 00010011100011101111 |	-3,87	16,83	6,83
| 00010011100011101111 |	-3,87	16,83	6,83
| 00010011100011101010 |	-3,87	16,83	6,83
| 00010011100001101111 |	-3,87	16,83	6,83
| 00010010100101100111 |	-3,87	16,80	6,80
| 00010010100101100111 |	-3,87	16,80	6,80
| 00010010100101100011 |	-3,87	16,80	6,80
| 00010011000011101111 |	-3,83	16,25	6,25
| 00010111100011101111 |	-3,95	13,39	3,39

| Average fitness in generation: 16,62250256939459
| The best individ: 
| 00010011100011101111 |	-3,87	16,83	6,83

== Generation 29 ==
| 00010011100011101111 |	-3,87	16,83	6,83
| 00010011100011101111 |	-3,87	16,83	6,83
| 00010011100011101111 |	-3,87	16,83	6,83
| 00010011100011101111 |	-3,87	16,83	6,83
| 00010011100011101111 |	-3,87	16,83	6,83
| 00010011100011101111 |	-3,87	16,83	6,83
| 00010011100011101111 |	-3,87	16,83	6,83
| 00010011100011101111 |	-3,87	16,83	6,83
| 00010011100011101111 |	-3,87	16,83	6,83
| 00010011100011101111 |	-3,87	16,83	6,83
| 00010011100011101111 |	-3,87	16,83	6,83
| 00010011100011101111 |	-3,87	16,83	6,83
| 00010011100011101010 |	-3,87	16,83	6,83
| 00010011100011101010 |	-3,87	16,83	6,83
| 00010010100101100111 |	-3,87	16,80	6,80
| 00010010100101100111 |	-3,87	16,80	6,80
| 00010010100101100011 |	-3,87	16,80	6,80
| 00010010100101100011 |	-3,87	16,80	6,80
| 00010011000011101111 |	-3,83	16,25	6,25
| 00010011000011101111 |	-3,83	16,25	6,25

| Average fitness in generation: 16,763688156825488
| The best individ: 
| 00010011100011101111 |	-3,87	16,83	6,83

== Generation 30 ==
| 00010011100011101111 |	-3,87	16,83	6,83
| 00010011100011101111 |	-3,87	16,83	6,83
| 00010011100011101111 |	-3,87	16,83	6,83
| 00010011100011101111 |	-3,87	16,83	6,83
| 00010011100011101111 |	-3,87	16,83	6,83
| 00010011100011101111 |	-3,87	16,83	6,83
| 00010011100011101111 |	-3,87	16,83	6,83
| 00010011100011101111 |	-3,87	16,83	6,83
| 00010011100011101111 |	-3,87	16,83	6,83
| 00010011100011101111 |	-3,87	16,83	6,83
| 00010011100011101111 |	-3,87	16,83	6,83
| 00010011100011101010 |	-3,87	16,83	6,83
| 00010010100101100111 |	-3,87	16,80	6,80
| 00010010100101100111 |	-3,87	16,80	6,80
| 00010010100101100011 |	-3,87	16,80	6,80
| 00010011000011101111 |	-3,83	16,25	6,25
| 00010011000011101111 |	-3,83	16,25	6,25
| 00010011000011101111 |	-3,83	16,25	6,25
| 00010010000101100011 |	-3,90	16,07	6,07
| 00010111100011101111 |	-3,95	13,39	3,39

| Average fitness in generation: 16,52634592524703
| The best individ: 
| 00010011100011101111 |	-3,87	16,83	6,83

== Generation 31 ==
| 00010011100011101111 |	-3,87	16,83	6,83
| 00010011100011101111 |	-3,87	16,83	6,83
| 00010011100011101111 |	-3,87	16,83	6,83
| 00010011100011101111 |	-3,87	16,83	6,83
| 00010011100011101111 |	-3,87	16,83	6,83
| 00010011100011101111 |	-3,87	16,83	6,83
| 00010011100011101111 |	-3,87	16,83	6,83
| 00010011100011101111 |	-3,87	16,83	6,83
| 00010011100011101010 |	-3,87	16,83	6,83
| 00010011100011101010 |	-3,87	16,83	6,83
| 00010011100011111111 |	-3,87	16,83	6,83
| 00010010100011101111 |	-3,87	16,82	6,82
| 00010010100101100111 |	-3,87	16,80	6,80
| 00010010100101100111 |	-3,87	16,80	6,80
| 00010010100101100111 |	-3,87	16,80	6,80
| 00010011000011101111 |	-3,83	16,25	6,25
| 00010011000011101111 |	-3,83	16,25	6,25
| 00010011000011101111 |	-3,83	16,25	6,25
| 00010011000011101111 |	-3,83	16,25	6,25
| 00010111100011101111 |	-3,95	13,39	3,39

| Average fitness in generation: 16,53465626437401
| The best individ: 
| 00010011100011101111 |	-3,87	16,83	6,83

== Generation 32 ==
| 00010011100011101111 |	-3,87	16,83	6,83
| 00010011100011101111 |	-3,87	16,83	6,83
| 00010011100011101111 |	-3,87	16,83	6,83
| 00010011100011101111 |	-3,87	16,83	6,83
| 00010011100011101111 |	-3,87	16,83	6,83
| 00010011100011101111 |	-3,87	16,83	6,83
| 00010011100011101111 |	-3,87	16,83	6,83
| 00010011100011101111 |	-3,87	16,83	6,83
| 00010011100011101111 |	-3,87	16,83	6,83
| 00010011100011101010 |	-3,87	16,83	6,83
| 00010010100101100111 |	-3,87	16,80	6,80
| 00010010100101100111 |	-3,87	16,80	6,80
| 00010010100101100111 |	-3,87	16,80	6,80
| 00010011000011100101 |	-3,83	16,25	6,25
| 00010011000011101111 |	-3,83	16,25	6,25
| 00010011000011101111 |	-3,83	16,25	6,25
| 00010011000011101111 |	-3,83	16,25	6,25
| 00010011000011101010 |	-3,83	16,24	6,24
| 00010000100101101111 |	-3,78	13,93	3,93
| 00010111100011101111 |	-3,95	13,39	3,39

| Average fitness in generation: 16,361195767029155
| The best individ: 
| 00010011100011101111 |	-3,87	16,83	6,83

== Generation 33 ==
| 00010011100011101111 |	-3,87	16,83	6,83
| 00010011100011101111 |	-3,87	16,83	6,83
| 00010011100011101111 |	-3,87	16,83	6,83
| 00010011100011101111 |	-3,87	16,83	6,83
| 00010011100011101111 |	-3,87	16,83	6,83
| 00010011100011101111 |	-3,87	16,83	6,83
| 00010011100011101111 |	-3,87	16,83	6,83
| 00010011100011101111 |	-3,87	16,83	6,83
| 00010011100011101111 |	-3,87	16,83	6,83
| 00010011100011101111 |	-3,87	16,83	6,83
| 00010011100011101111 |	-3,87	16,83	6,83
| 00010011100011101010 |	-3,87	16,83	6,83
| 00010011000101100111 |	-3,83	16,33	6,33
| 00010011000011100101 |	-3,83	16,25	6,25
| 00010011000011101111 |	-3,83	16,25	6,25
| 00010011000011101111 |	-3,83	16,25	6,25
| 00010011000011101111 |	-3,83	16,25	6,25
| 00010011000011101010 |	-3,83	16,24	6,24
| 00010000100101101111 |	-3,78	13,93	3,93
| 00010111100011101111 |	-3,95	13,39	3,39

| Average fitness in generation: 16,340471394259772
| The best individ: 
| 00010011100011101111 |	-3,87	16,83	6,83

== Generation 34 ==
| 00010011100011101111 |	-3,87	16,83	6,83
| 00010011100011101111 |	-3,87	16,83	6,83
| 00010011100011101111 |	-3,87	16,83	6,83
| 00010011100011101111 |	-3,87	16,83	6,83
| 00010011100011101111 |	-3,87	16,83	6,83
| 00010011100011101111 |	-3,87	16,83	6,83
| 00010011100011101111 |	-3,87	16,83	6,83
| 00010011100011101111 |	-3,87	16,83	6,83
| 00010011100011101111 |	-3,87	16,83	6,83
| 00010011100011101111 |	-3,87	16,83	6,83
| 00010011100011101010 |	-3,87	16,83	6,83
| 00010011000011100101 |	-3,83	16,25	6,25
| 00010011000011101111 |	-3,83	16,25	6,25
| 00010011000011101111 |	-3,83	16,25	6,25
| 00010011000011101111 |	-3,83	16,25	6,25
| 00010011000011101111 |	-3,83	16,25	6,25
| 00010011000011101111 |	-3,83	16,25	6,25
| 00010011000011101111 |	-3,83	16,25	6,25
| 00010000100101101111 |	-3,78	13,93	3,93
| 00010000100101101111 |	-3,78	13,93	3,93

| Average fitness in generation: 16,3339835482653
| The best individ: 
| 00010011100011101111 |	-3,87	16,83	6,83

== Generation 35 ==
| 00010011100011101111 |	-3,87	16,83	6,83
| 00010011100011101111 |	-3,87	16,83	6,83
| 00010011100011101111 |	-3,87	16,83	6,83
| 00010011100011101111 |	-3,87	16,83	6,83
| 00010011100011101111 |	-3,87	16,83	6,83
| 00010011100011101111 |	-3,87	16,83	6,83
| 00010011100011101111 |	-3,87	16,83	6,83
| 00010011100011101111 |	-3,87	16,83	6,83
| 00010011100011101111 |	-3,87	16,83	6,83
| 00010011110011101111 |	-3,85	16,72	6,72
| 00010011000011100101 |	-3,83	16,25	6,25
| 00010011000011101111 |	-3,83	16,25	6,25
| 00010011000011101111 |	-3,83	16,25	6,25
| 00010011000011101111 |	-3,83	16,25	6,25
| 00010011000011101111 |	-3,83	16,25	6,25
| 00010011000011101111 |	-3,83	16,25	6,25
| 00010011000011101111 |	-3,83	16,25	6,25
| 00010011000011101111 |	-3,83	16,25	6,25
| 00010011000011101111 |	-3,83	16,25	6,25
| 00010000100101101111 |	-3,78	13,93	3,93

| Average fitness in generation: 16,415464384764213
| The best individ: 
| 00010011100011101111 |	-3,87	16,83	6,83

== Generation 36 ==
| 00010011100011101111 |	-3,87	16,83	6,83
| 00010011100011101111 |	-3,87	16,83	6,83
| 00010011100011101111 |	-3,87	16,83	6,83
| 00010011100011101111 |	-3,87	16,83	6,83
| 00010011100011101111 |	-3,87	16,83	6,83
| 00010011100011101111 |	-3,87	16,83	6,83
| 00010011100011101111 |	-3,87	16,83	6,83
| 00010011100011101111 |	-3,87	16,83	6,83
| 00010011100011101111 |	-3,87	16,83	6,83
| 00010011110011101111 |	-3,85	16,72	6,72
| 00010011110011101011 |	-3,85	16,72	6,72
| 00010011010101101111 |	-3,84	16,62	6,62
| 00010011000011100101 |	-3,83	16,25	6,25
| 00010011000011101111 |	-3,83	16,25	6,25
| 00010011000011101111 |	-3,83	16,25	6,25
| 00010011000011101111 |	-3,83	16,25	6,25
| 00010011000011101111 |	-3,83	16,25	6,25
| 00010011000011101111 |	-3,83	16,25	6,25
| 00010011000011101111 |	-3,83	16,25	6,25
| 00010000100101101111 |	-3,78	13,93	3,93

| Average fitness in generation: 16,4578382153628
| The best individ: 
| 00010011100011101111 |	-3,87	16,83	6,83

